Variable,Type,Line,Size,Offset
Class : Test1


Printing Test1 Symbol Table
add,int,12,4,0

Printing add Symbol Table
a,int[],13,40,0
b,int[],14,40,40
c,int[][],15,400,80
d,int[][],16,400,480
e,int[][][],17,4000,880
f,int[][][],18,3000,4880
g,int[][][][],19,40000,7880
h,int[][][][],20,40000,47880
i,int[][][][][],21,400000,87880
j,int[][][][][],22,400000,487880
